
Initial FFT Slab Distribution Based on Workload Estimate:

  FFT slabs assigned to    4 tasks
  Maximum of   23 xy slabs per task
  Maximum of   34 zx slabs per task
  Count of FFT xy slabs assigned to each task:
       0   0   0   0   0   0   0   0   0  22   0   0   0   0   0   0
       0   0   0  22   0   0   0   0   0   0   0   0   0  23   0   0
       0   0   0   0   0   0   0  23
  Count of FFT xz slabs assigned to each task:
       0   0   0   0   0   0   0   0   0  34   0   0   0   0   0   0
       0   0   0  34   0   0   0   0   0   0   0   0   0  34   0   0
       0   0   0   0   0   0   0  33

First FFT Slab Distribution Based on Actual Workload:

  FFT slabs assigned to   10 tasks
  Maximum of    9 xy slabs per task
  Maximum of   14 zx slabs per task
  Count of FFT xy slabs assigned to each task:
       0   0   0   9   0   0   0   9   0   0   0   9   0   0   0   9
       0   0   0   9   0   0   0   9   0   0   0   9   0   0   0   9
       0   0   0   9   0   0   0   9
  Count of FFT xz slabs assigned to each task:
       0   0   0  14   0   0   0  14   0   0   0  14   0   0   0  14
       0   0   0  14   0   0   0  13   0   0   0  13   0   0   0  13
       0   0   0  13   0   0   0  13

Image Distribution at run step     303:

  Count of images assigned to each task:
         3735     4511     3660       69     4612     4516     4703      156
         4666     4619     4734      149     4706     4662     3891      147
         4036     3839     4009      230     4858     4801     4883      205
         4846     4790     4822      208     4895     4614     4817      200
         4652     4686     4772      208     3884     3740     4765      179

Atom Distribution No.     4 at run step    2719:

  Count of atoms assigned to each task:
         3731     4520     3646       90     4639     4533     4708      171
         4622     4594     4729      165     4668     4699     3891      162
         4015     3866     4045      237     4854     4792     4876      213
         4846     4782     4810      204     4878     4662     4794      207
         4635     4671     4782      210     3854     3747     4747      180

Atom Distribution No.     5 at run step    5420:

  Count of atoms assigned to each task:
         3719     4502     3670      171     4562     4542     4668      219
         4641     4579     4737      244     3813     4672     3881      207
         4003     3857     4876      285     4812     4783     4831      294
         4774     4770     4705      333     4809     4605     4755      297
         4659     4663     4710      282     3878     3753     4689      225

Atom Distribution No.     6 at run step    8101:

  Count of atoms assigned to each task:
         3719     4505     3698      168     4583     4540     4671      207
         4661     4560     4719      246     3876     4652     3899      216
         4013     3869     4839      291     4812     4779     4816      282
         4792     4755     4745      297     4836     4584     4755      285
         4623     4650     4723      255     3857     3744     4701      252

Atom Distribution No.     7 at run step   10777:

  Count of atoms assigned to each task:
         4616     4434     3815      177     4539     4638     4585      201
         4739     4527     4762      237     3819     4690     3909      207
         4017     3881     4843      294     4806     4801     4812      285
         4783     4782     4721      324     4785     4596     4681      282
         4714     4544     4770      235     3790     3807     3810      217

Atom Distribution No.     8 at run step   13446:

  Count of atoms assigned to each task:
         3703     4521     3717      177     4606     4495     4689      177
         4594     4561     4674      243     3880     4647     3923      204
         4019     3863     4840      288     4821     4768     4791      288
         4791     4771     4748      291     4842     4563     4831      294
         4623     4709     4648      282     3875     3750     4737      231

Atom Distribution No.     9 at run step   16132:

  Count of atoms assigned to each task:
         3727     4518     3723      168     4561     4538     4650      198
         4698     4551     4732      237     3858     4642     3914      201
         4022     3878     4867      288     4815     4771     4800      291
         4754     4754     4721      315     4833     4587     4791      285
         4635     4674     4675      249     3875     3741     4707      231

Atom Distribution No.    10 at run step   18831:

  Count of atoms assigned to each task:
         3739     4482     3696      177     4591     4542     4680      192
         4664     4581     4750      243     3846     4655     3882      210
         4011     3821     4828      267     4749     4800     4788      294
         4791     4740     4762      306     4866     4599     4779      303
         4659     4653     4726      264     3869     3744     4695      231

Atom Distribution No.    11 at run step   21507:

  Count of atoms assigned to each task:
         3737     4515     3733      177     4585     4545     4677      195
         4652     4569     4726      252     3867     4668     3912      222
         4025     3875     4849      264     4788     4795     4821      294
         4760     4728     4680      303     4797     4588     4747      300
         4647     4668     4675      267     3877     3729     4728      238

Atom Distribution No.    12 at run step   24200:

  Count of atoms assigned to each task:
         3724     4524     3695      156     4591     4522     4668      192
         4678     4579     4707      243     3879     4651     3926      222
         4022     3866     4848      243     4767     4769     4779      282
         4813     4785     4766      324     4872     4563     4765      276
         4644     4650     4711      240     3874     3735     4701      223

Atom Distribution No.    13 at run step   26856:

  Count of atoms assigned to each task:
         3695     4533     3695      171     4564     4548     4698      189
         4745     4545     4702      247     3885     4677     3926      207
         4010     3857     4836      240     4794     4780     4824      276
         4776     4756     4751      297     4816     4578     4774      288
         4662     4659     4729      243     3838     3759     4683      222

Atom Distribution No.    14 at run step   29540:

  Count of atoms assigned to each task:
         3716     4494     3706      171     4557     4538     4714      192
         4716     4570     4677      237     3873     4645     3896      213
         4025     3866     4809      258     4785     4748     4845      291
         4811     4765     4748      297     4822     4572     4777      294
         4650     4689     4699      279     3862     3738     4698      232

Atom Distribution No.    15 at run step   32218:

  Count of atoms assigned to each task:
         3743     4514     3726      174     4591     4571     4704      195
         4712     4532     4719      243     3848     4648     3911      213
         4043     3872     4833      255     4785     4760     4812      288
         4775     4783     4697      303     4816     4527     4747      300
         4632     4662     4708      282     3850     3768     4711      222

Atom Distribution No.    16 at run step   34907:

  Count of atoms assigned to each task:
         3722     4506     3704      168     4582     4518     4686      201
         4702     4550     4698      252     3905     4644     3896      204
         3988     3821     4817      246     4743     4778     4812      297
         4831     4769     4757      312     4866     4566     4769      294
         4654     4682     4710      279     3857     3765     4698      226

Atom Distribution No.    17 at run step   37584:

  Count of atoms assigned to each task:
         3719     4517     3696      165     4557     4536     4675      213
         4732     4585     4725      249     3906     4660     3908      204
         4016     3854     4818      252     4743     4787     4777      294
         4798     4744     4762      288     4830     4585     4739      291
         4621     4664     4713      270     3866     3777     4711      228

Atom Distribution No.    18 at run step   40251:

  Count of atoms assigned to each task:
         3743     4517     3731      159     4567     4550     4695      210
         4748     4570     4759      237     3875     4676     3899      183
         3994     3842     4830      240     4785     4766     4824      273
         4773     4781     4718      285     4836     4579     4751      276
         4642     4669     4704      255     3867     3762     4684      220

Atom Distribution No.    19 at run step   42946:

  Count of atoms assigned to each task:
         3730     4535     3708      168     4567     4523     4689      204
         4718     4564     4695      243     3876     4619     3896      198
         4009     3860     4815      273     4773     4796     4776      285
         4785     4748     4736      297     4891     4597     4785      288
         4659     4689     4708      255     3863     3759     4675      220

Atom Distribution No.    20 at run step   45630:

  Count of atoms assigned to each task:
         3757     4518     3726      180     4581     4583     4687      192
         4715     4536     4725      234     3845     4637     3878      192
         3988     3863     4832      261     4797     4784     4825      294
         4770     4747     4712      288     4809     4582     4789      282
         4677     4671     4705      273     3866     3756     4701      217

Atom Distribution No.    21 at run step   48315:

  Count of atoms assigned to each task:
         3760     4526     3711      171     4591     4525     4728      186
         4728     4572     4722      231     4707     4680     3875      198
         4052     3872     3959      258     4821     4831     4819      282
         4789     4774     4715      291     4785     4576     4726      276
         4639     4641     4683      252     3860     3756     4696      211

Atom Distribution No.    22 at run step   51005:

  Count of atoms assigned to each task:
         3812     4520     3720      180     4611     4555     4669      192
         4731     4546     4731      231     4639     4641     3899      198
         4010     3869     4011      243     4776     4758     4827      291
         4758     4756     4733      285     4824     4594     4777      291
         4678     4641     4782      246     3830     3765     4666      189

Atom Distribution No.    23 at run step   53691:

  Count of atoms assigned to each task:
         3800     4517     3717      171     4647     4541     4672      195
         4733     4587     4701      219     4643     4632     3854      192
         4010     3854     3993      252     4776     4776     4830      297
         4801     4786     4735      285     4827     4591     4771      294
         4650     4665     4719      270     3843     3753     4693      183

Atom Distribution No.    24 at run step   56354:

  Count of atoms assigned to each task:
         3776     4508     3708      177     4596     4578     4690      210
         4771     4552     4743      234     4640     4681     3875      201
         4041     3875     4022      258     4849     4812     4830      294
         4773     4773     4724      282     4783     4564     4735      279
         4627     4617     4731      243     3815     3750     4669      189

Atom Distribution No.    25 at run step   59038:

  Count of atoms assigned to each task:
         3772     4517     3700      183     4623     4568     4702      190
         4747     4639     4698      222     4607     4634     3884      198
         3998     3827     4023      246     4770     4809     4833      288
         4761     4819     4756      297     4840     4620     4762      288
         4636     4614     4738      252     3804     3768     4659      183

Atom Distribution No.    26 at run step   61710:

  Count of atoms assigned to each task:
         3773     4526     3711      168     4566     4562     4686      228
         4730     4548     4710      231     4653     4688     3872      186
         4038     3872     4016      240     4801     4791     4800      273
         4800     4789     4747      297     4816     4605     4760      273
         4612     4637     4705      267     3867     3744     4695      192

Atom Distribution No.    27 at run step   64393:

  Count of atoms assigned to each task:
         3792     4535     3716      180     4578     4568     4674      237
         4757     4556     4734      231     4637     4642     3890      189
         3999     3860     4014      255     4797     4819     4814      285
         4785     4758     4705      297     4802     4581     4761      297
         4609     4673     4687      255     3845     3741     4698      222

Atom Distribution No.    28 at run step   67066:

  Count of atoms assigned to each task:
         3770     4505     3693      168     4590     4529     4704      225
         4736     4560     4740      237     4644     4643     3866      192
         3999     3896     3977      255     4828     4770     4851      282
         4767     4774     4741      300     4846     4596     4813      294
         4618     4672     4701      243     3839     3762     4663      186

Atom Distribution No.    29 at run step   69757:

  Count of atoms assigned to each task:
         3755     4523     3705      165     4623     4580     4683      231
         4751     4564     4756      241     4620     4675     3852      195
         4001     3851     4005      279     4782     4776     4807      258
         4788     4795     4705      300     4858     4585     4774      291
         4660     4652     4720      243     3824     3747     4672      183

Atom Distribution No.    30 at run step   72464:

  Count of atoms assigned to each task:
         3794     4505     3708      171     4584     4538     4680      228
         4721     4549     4717      225     4604     4681     3893      210
         4043     3845     4026      249     4834     4805     4831      282
         4774     4768     4723      291     4810     4584     4753      282
         4654     4643     4723      246     3827     3801     4684      189

Atom Distribution No.    31 at run step   75159:

  Count of atoms assigned to each task:
         3773     4520     3719      183     4584     4554     4683      231
         4742     4527     4726      231     4620     4651     3863      240
         4013     3845     3996      261     4804     4814     4789      282
         4813     4766     4753      288     4809     4572     4752      291
         4641     4667     4708      246     3857     3759     4725      177

Atom Distribution No.    32 at run step   77852:

  Count of atoms assigned to each task:
         3788     4532     3692      177     4545     4524     4683      234
         4735     4529     4739      243     4612     4651     3872      210
         4007     3818     4021      249     4790     4771     4800      285
         4797     4736     4732      294     4818     4603     4783      297
         4677     4704     4723      276     3854     3771     4720      183

Atom Distribution No.    33 at run step   80535:

  Count of atoms assigned to each task:
         3780     4502     3711      177     4590     4537     4698      228
         4731     4571     4697      225     4595     4641     3849      207
         4000     3824     4027      237     4810     4808     4824      288
         4809     4798     4761      303     4832     4600     4762      297
         4657     4658     4696      240     3836     3771     4720      178

Atom Distribution No.    34 at run step   83216:

  Count of atoms assigned to each task:
         3782     4499     3706      156     4536     4552     4644      231
         4722     4552     4748      234     3825     3853     3882      219
         4844     3872     4826      252     4791     4763     4786      270
         4771     4765     4735      309     4815     4573     4768      321
         4612     4718     4705      300     3863     3774     4717      184

Atom Distribution No.    35 at run step   85899:

  Count of atoms assigned to each task:
         3803     4457     3695      156     4575     4522     4683      225
         4734     4538     4743      231     3872     4728     3879      192
         3959     3848     4798      246     4768     4748     4822      285
         4767     4760     4720      291     4815     4609     4793      321
         4654     4696     4717      279     3836     3801     4690      219

Atom Distribution No.    36 at run step   88586:

  Count of atoms assigned to each task:
         3803     4505     3710      153     4614     4526     4692      231
         4728     4549     4759      225     3861     4651     3866      186
         4007     3876     4845      303     4791     4789     4771      270
         4773     4760     4737      294     4829     4575     4759      294
         4652     4636     4699      243     3833     3750     4708      222

Atom Distribution No.    37 at run step   91278:

  Count of atoms assigned to each task:
         3806     4502     3737      159     4575     4561     4686      228
         4771     4558     4701      229     3866     4664     3866      201
         4028     3846     4859      345     4779     4739     4840      259
         4773     4783     4729      297     4825     4563     4733      273
         4607     4635     4711      249     3818     3789     4699      186

Atom Distribution No.    38 at run step   93970:

  Count of atoms assigned to each task:
         3790     4505     3698      150     4593     4551     4680      234
         4736     4555     4732      228     3873     4685     3864      201
         4013     3842     4821      309     4749     4650     4832      279
         4783     4826     4780      294     4806     4588     4741      309
         4627     4651     4708      276     3839     3774     4687      216

Atom Distribution No.    39 at run step   96643:

  Count of atoms assigned to each task:
         3772     4496     3690      162     4551     4631     4674      216
         4764     4549     4746      237     3873     4643     3888      222
         4040     3857     4850      318     4743     4721     4786      256
         4807     4793     4722      291     4815     4569     4774      295
         4603     4699     4707      237     3836     3738     4682      222

Atom Distribution No.    40 at run step   99318:

  Count of atoms assigned to each task:
         3773     4476     3709      165     4581     4558     4695      216
         4739     4548     4755      243     3882     4684     3900      198
         3987     3845     4812      333     4789     4667     4795      276
         4744     4778     4701      300     4899     4575     4786      310
         4654     4642     4710      252     3833     3765     4678      222

Major Routine Parallel Profiling - NonSetup CPU Seconds:

           D                                                              
           a                                                              
           t                                                              
           a                              D                               
           D         N                    i                               
           i         o                    h                               
           s         n             A      e      S      R      O         T
   T       t         B      B      n      d      h      u      t         o
   a       r         o      o      g      r      a      n      h         t
   s       i         n      n      l      a      k      M      e         a
   k       b         d      d      e      l      e      D      r         l
------------------------------------------------------------------------------
   0   400.6    1257.7    2.2   31.9  119.5   10.7   55.8    0.4    1878.7
   1   295.9    1463.7    0.3    0.2    0.2   12.4  106.6    0.3    1879.7
   2   417.8    1247.0    2.1   32.6  122.9   10.8   46.1    0.4    1879.5
   3   636.7    1232.2    0.2    0.2    0.2    1.0    8.9    0.3    1879.9
   4   266.6    1469.5    0.3    0.3    0.2   12.8  129.6    0.3    1879.5
   5   339.0    1449.8    0.3    0.2    0.2   12.0   77.9    0.4    1879.8
   6   274.3    1460.3    0.4    0.9    2.1   13.1  128.0    0.3    1879.5
   7   640.4    1228.6    0.2    0.2    0.2    1.1    8.7    0.3    1879.8
   8   278.2    1465.6    0.2    0.3    0.2   13.0  121.7    0.3    1879.7
   9   308.2    1457.6    0.3    0.2    0.2   12.5  100.2    0.3    1879.6
  10   257.6    1463.6    0.4    0.9    2.2   13.5  140.9    0.4    1879.5
  11   629.9    1236.2    0.2    0.2    0.2    1.1   11.7    0.4    1879.9
  12   359.1    1335.4    1.4   19.6   74.4   11.6   77.7    0.4    1879.5
  13   294.7    1460.9    0.3    1.1    3.5   13.0  106.1    0.3    1879.9
  14   418.4    1245.6    2.3   32.4  123.4   10.8   46.2    0.4    1879.4
  15   641.6    1226.8    0.2    0.2    0.2    1.0    9.3    0.3    1879.9
  16   402.0    1261.8    2.1   30.7  117.3   11.1   53.5    0.3    1878.9
  17   424.2    1241.0    2.3   32.1  121.5   10.1   48.4    0.4    1879.8
  18   342.8    1378.8    1.0   12.2   46.4   12.4   85.5    0.3    1879.3
  19   635.2    1232.0    0.3    0.2    0.2    1.2   10.3    0.4    1879.8
  20   295.6    1459.3    0.3    0.2    0.2   12.9  110.2    0.3    1879.1
  21   321.6    1450.6    0.3    0.2    0.2   12.3   94.3    0.3    1879.9
  22   280.2    1465.7    0.2    0.2    0.3   12.6  120.2    0.3    1879.7
  23   628.2    1238.1    0.3    0.2    0.2    1.1   11.5    0.3    1880.0
  24   265.1    1479.0    0.2    0.2    0.3   13.3  121.0    0.3    1879.4
  25   315.8    1451.7    0.3    0.3    0.2   12.2   99.2    0.3    1879.9
  26   282.7    1461.1    0.3    0.3    0.3   12.6  122.0    0.4    1879.6
  27   627.7    1237.6    0.3    0.2    0.2    1.2   12.3    0.3    1879.9
  28   272.9    1463.1    0.3    0.3    0.2   12.6  129.6    0.3    1879.4
  29   315.5    1459.5    0.3    0.2    0.2   12.7   91.1    0.4    1879.9
  30   261.8    1476.0    0.3    0.3    0.2   13.5  127.2    0.3    1879.6
  31   630.9    1235.7    0.2    0.2    0.2    1.2   11.1    0.3    1879.9
  32   283.0    1474.9    0.2    0.2    0.2   12.8  107.9    0.3    1879.6
  33   307.6    1463.6    0.3    0.2    0.2   12.8   94.8    0.4    1879.8
  34   292.7    1459.9    0.3    0.3    0.2   12.7  113.3    0.3    1879.7
  35   628.6    1237.0    0.3    0.2    0.2    1.2   12.2    0.3    1879.9
  36   414.8    1246.9    2.1   32.7  123.1   10.7   48.1    0.4    1878.9
  37   411.8    1249.2    2.2   33.1  125.8   10.3   47.1    0.3    1879.9
  38   275.2    1454.7    0.3    1.1    3.5   12.6  131.1    0.4    1879.0
  39   641.3    1226.4    0.2    0.2    0.2    1.1   10.0    0.3    1879.9
------------------------------------------------------------------------------
 avg   400.4    1362.6    0.6    6.7   24.8    9.4   74.7    0.3    1879.6
 min   257.6    1226.4    0.2    0.2    0.2    1.0    8.7    0.3    1878.7
 max   641.6    1479.0    2.3   33.1  125.8   13.5  140.9    0.4    1880.0
 std   143.1     108.2    0.7   12.3   46.7    4.9   45.2    0.0       0.3
------------------------------------------------------------------------------

PME NonBond Parallel Profiling - NonSetup CPU Seconds:

                     D                           
           P         i         R                 
           a         r         e      L          
           i         e         c      o          
           r         c         i      a         T
   T       l         t         p      d         o
   a       i         F         F      B         t
   s       s         r         r      a         a
   k       t         c         c      l         l
-------------------------------------------------
   0   256.8     999.2       0.0    0.7    1256.7
   1   297.1    1164.8       0.0    0.7    1462.7
   2   251.4     994.0       0.0    0.8    1246.2
   3    88.7     157.4     984.4    0.8    1231.4
   4   299.6    1168.1       0.0    0.7    1468.4
   5   296.0    1152.0       0.0    0.8    1448.8
   6   294.7    1163.9       0.0    0.7    1459.3
   7    89.1     166.1     971.6    0.9    1227.7
   8   297.3    1166.5       0.0    0.7    1464.5
   9   295.3    1160.4       0.2    0.7    1456.6
  10   296.4    1165.5       0.0    0.7    1462.7
  11    91.5     173.7     969.2    0.8    1235.2
  12   275.4    1058.2       0.0    0.7    1334.3
  13   301.1    1158.1       0.0    0.8    1459.9
  14   261.0     983.0       0.0    0.8    1244.8
  15    90.4     167.4     967.2    0.9    1225.9
  16   263.2     996.7       0.0    0.8    1260.7
  17   254.4     984.8       0.0    0.8    1240.0
  18   281.2    1095.8       0.0    0.7    1377.7
  19    92.8     180.8     956.9    0.8    1231.3
  20   294.0    1163.6       0.0    0.6    1458.2
  21   290.7    1158.1       0.0    0.7    1449.5
  22   297.1    1166.8       0.0    0.7    1464.6
  23    94.4     191.7     950.5    0.8    1237.4
  24   312.0    1165.2       0.0    0.6    1477.8
  25   290.6    1159.3       0.0    0.7    1450.7
  26   294.6    1164.8       0.0    0.6    1460.0
  27    92.8     188.5     954.8    0.7    1236.9
  28   294.7    1166.7       0.0    0.6    1462.0
  29   302.6    1155.0       0.2    0.8    1458.6
  30   307.6    1166.6       0.0    0.7    1474.9
  31    93.9     187.7     952.6    0.8    1235.0
  32   308.4    1164.8       0.0    0.7    1473.8
  33   300.4    1161.4       0.0    0.8    1462.6
  34   294.8    1163.2       0.0    0.7    1458.8
  35    94.0     183.4     958.0    0.9    1236.3
  36   260.7     984.3       0.0    0.8    1245.8
  37   255.6     991.9       0.0    0.8    1248.2
  38   288.5    1164.4       0.0    0.7    1453.6
  39    89.9     164.0     971.0    0.8    1225.8
-------------------------------------------------
 avg   238.3     881.7     240.9    0.7    1361.6
-------------------------------------------------
