
Initial FFT Block Distribution Based on Workload Estimate:

  FFT blocks assigned to   12 tasks

First FFT Block Distribution Based on Actual Workload:

  FFT blocks assigned to   64 tasks

Image Distribution at run step     303:

  Count of images assigned to each task:
         2183     1536     1532     1522      832     2184      902      944
         1028     1032     2256      915     1526     1566     1496     2798
         1508     1497     1510     1605     2831     1532     1549     1577
         1643     2802     1555     1555     1576     1571     2370     1051
         1070     1701     1093     2850     1626     1642     1640     1626
         2812     1600     1643     1600     1605     2769     1642     1622
         1640     1660     2730     1616     1566     1587     1582     2762
         1557     1579     1600     1556     2714     1612     1641     1609
         1549     2728     1591     1605     1598     1493     2762     1625
         1604      978     1487     2327     1590     1586     1540      876

Atom Distribution No.     4 at run step    2724:

  Count of atoms assigned to each task:
         2206     1510     1530     1520      826     2217      873      880
          981     1005     2317      876     1504     1556     1495     2833
         1531     1493     1509     1596     2854     1539     1564     1606
         1662     2808     1507     1548     1623     1593     2395      987
         1020     1701     1026     2854     1636     1650     1627     1620
         2844     1572     1635     1601     1599     2798     1626     1659
         1636     1654     2733     1602     1588     1587     1575     2782
         1569     1569     1575     1530     2736     1614     1630     1641
         1539     2766     1606     1607     1578     1479     2805     1626
         1606      942     1491     2355     1587     1666     1561      828

Atom Distribution No.     5 at run step    5408:

  Count of atoms assigned to each task:
         2146     1580     1584      955     1430     2149     1450     1596
         1630     1582     2185     1510      943      987      975     2271
          906     1526     1557     1605     2744     1593     1627     1633
         1680     2718      933     1567     1611     1614     2746     1699
         1742     1100     1704     2326      981     1629     1653     1638
         2748     1620     1635     1643     1582     2713     1632     1626
         1585     1675     2706     1606     1560     1620     1570     2709
         1569     1626     1617     1584     2727     1686     1666     1650
         1563     2712     1663     1643     1623     1545     2709     1620
          982     1572      882     2691     1587     1567      906     1350

Atom Distribution No.     6 at run step    8077:

  Count of atoms assigned to each task:
         2199      895     1552     1508      867     2185      853      868
          939     1029     2293      933     1488     1546     1550     2808
         1569     1543     1551     1581     2785     1653     1614     1615
         1663     2745     1581      957     1606     1644     2728     1011
         1072     1715     1689     2368     1644     1641     1608     1617
         2814     1543     1569     1567     1606     2779     1614     1623
         1633     1644     2722     1587     1570     1575     1563     2749
         1566     1542     1578     1575     2697     1647     1632     1661
         1590     2655     1608     1695     1611     1527     2727     1639
         1730      981     1536     2268     1539     1653     1530     1417

Atom Distribution No.     7 at run step   10739:

  Count of atoms assigned to each task:
         2109     1514     1618     1571     1450     2104     1594     1678
         1669     1563     2174     1532      906      975      990     2247
          904      930     1588     1629     2734     1585     1656     1671
         1690     2691     1578     1662     1002     1590     2699     1625
         1763     1083     1059     2311     1644     1644     1661     1599
         2691     1599     1614     1633     1582     2683     1623     1614
         1618     1650     2669     1606     1563     1596     1572     2658
         1581     1609     1593     1557     2670     1608     1626     1620
         1563     2691     1662     1612     1578     1506     2713     1626
         1643     1641      894     2259     1596     1566     1585      813

Atom Distribution No.     8 at run step   13419:

  Count of atoms assigned to each task:
         2137     1589     1540     1541      847     2143      882      919
         1020     1053     2241      882     1498     1556     1559     2775
         1533     1502     1552     1569     2749     1590     1605     1647
         1729     2730     1547     1593     1698     1590     2309     1011
         1074     1736     1738     2346     1653     1654     1666     1665
         2748     1590     1641     1631     1579     2714     1626     1638
         1627     1642     2694     1615     1545     1608     1557     2703
         1554     1582     1560     1530     2685     1602     1617     1644
         1521     2661     1671     1690     1620     1512     2704     1614
         1034     1530     1581     2277     1608     1563      921     1368

Atom Distribution No.     9 at run step   16111:

  Count of atoms assigned to each task:
         2221      891     1570     1546     1412     2185     1490     1608
         1615     1561     2204     1509      900      978      942     2304
          882      877     1568     1591     2800     1617     1624     1617
         1665     2758      924     1579     1602     1611     2377     1665
         1616     1059     1051     2839     1645     1590     1582     1628
         2793     1560     1584     1584     1600     2768     1622     1668
         1653     1665     2688     1638     1615     1626     1617     2736
         1590     1566     1651     1596     2691     1638     1635     1674
         1563     2679     1596     1664     1590     1515     2739     1606
         1717      918      891     2685     1539     1629     1554     1429

Atom Distribution No.    10 at run step   18806:

  Count of atoms assigned to each task:
         2175     1520     1537     1513      889     2173      885      907
         1017     1008     2350      876     1513     1552     1571     2814
         1527     1527     1576     1617     2788     1576     1644     1644
         1693     2736     1599      963     1638     1599     2800     1567
         1071     1721     1726     2356      969     1609     1630     1597
         2745     1592     1632     1594     1585     2750     1602     1590
         1605     1650     2703     1609     1542     1563     1551     2739
         1569     1557     1542     1554     2694     1656     1636     1647
         1578     2733     1656     1628     1623     1512     2752     1614
          988     1569     1512     2295     1593     1677     1543      822

Atom Distribution No.    11 at run step   21485:

  Count of atoms assigned to each task:
         2115     1577     1587     1552     1433     2142     1588     1673
         1633     1518     2234     1514      936      975      975     2232
          895      916     1579     1629     2755     1585     1629     1641
         1702     2694     1569     1659     1632     1605     2248      978
         1729     1078     1050     2786     1585     1642     1642     1656
         2715     1582     1639     1643     1621     2717     1659     1623
         1635     1722     2661     1594     1560     1647     1581     2697
         1548     1629     1605     1584     2691     1623     1654     1617
         1566     2661     1662     1636     1623     1527     2689     1650
         1661      948      921     2667     1581     1557      906     1405

Atom Distribution No.    12 at run step   24175:

  Count of atoms assigned to each task:
         2145     1531     1590     1534      928     2130      895      910
         1008     1018     2287      870     1532     1558     1583     2751
         1524     1530     1554     1587     2776     1573     1605     1666
         1705     2709     1533     1608     1617     1626     2350     1663
         1095     1697     1711     2314      963     1612     1627     1644
         2760     1573     1645     1619     1588     2692     1641     1605
         1608     1650     2698     1617     1570     1593     1554     2712
         1569     1569     1584     1551     2679     1608     1631     1626
         1536     2679     1650     1683     1614     1527     2697     1636
          980     1587     1569     2253     1590     1599     1543      831

Atom Distribution No.    13 at run step   26877:

  Count of atoms assigned to each task:
         2128     1570     1560     1580     1435     2122     1577     1658
         1639     1497     2198     1502      930      999      972     2235
          916      906     1572     1644     2767     1581     1635     1672
         1690     2682     1580     1623     1608     1602     2289     1008
         1741     1098     1054     2780     1618     1654     1638     1638
         2712     1587     1630     1635     1603     2700     1635     1614
         1596     1656     2685     1590     1576     1614     1575     2673
         1569     1620     1644     1548     2682     1629     1637     1653
         1557     2688     1680     1641     1611     1533     2698     1647
         1709      948      918     2649     1608     1608      918     1401

Atom Distribution No.    14 at run step   29563:

  Count of atoms assigned to each task:
         2184      912     1549      954     1505     2182      868      910
          991     1026     2300      927     1473     1560     1567     2775
         1573     1516     1548     1560     2767     1617     1597     1623
         1681     2739      933     1590     1615     1620     2769     1663
         1053     1687     1697     2362      975     1622     1608     1637
         2763     1548     1617     1597     1581     2750     1588     1656
         1627     1704     2668     1578     1576     1620     1590     2691
         1602     1563     1609     1614     2670     1635     1644     1678
         1602     2631     1614     1674     1596     1542     2694     1621
          999     1577     1548     2232     1551     1647     1596     1447

Atom Distribution No.    15 at run step   32242:

  Count of atoms assigned to each task:
         2157     1504     1551     1540      898     2169     1419     1590
         1669     1565     2189     1479      868      984      963     2293
          912     1541     1545     1602     2767     1588     1611     1623
         1657     2742     1578     1578     1618     1596     2731      957
         1714     1081     1035     2807     1609     1018     1638     1616
         2792     1599     1668     1647     1617     2776     1662     1672
         1654     1710     2704     1632     1597     1617     1557     2715
         1575     1599     1573     1539     2667     1653     1633     1614
         1548     2721     1663     1629     1593     1521     2739     1623
         1670      936     1518     2295     1593     1563     1552      837

Atom Distribution No.    16 at run step   34928:

  Count of atoms assigned to each task:
         2208     1561     1563     1537     1439     2212      860      900
         1002     1021     2322      816     1495     1537     1560     2374
         1516     1515     1545     1582     2806     1581     1590     1642
         1683     2757     1528     1599     1620     1599     2322     1654
         1056     1682     1685     2389      981     1636     1584     1607
         2807     1581     1623     1584     1581     2772     1611     1627
         1573     1671     2735     1596     1540     1563     1590     2763
         1560     1575     1582     1521     2754     1596     1588     1593
         1557     2751     1647     1611     1617     1512     2790     1603
          989     1560      903     2748     1578     1713      876     1468

Atom Distribution No.    17 at run step   37598:

  Count of atoms assigned to each task:
         2163     1511     1533     1555      913     2155     1427     1596
         1603     1552     2183     1485      849      976      993     2327
          885     1531     1557     1617     2768     1569     1605     1642
         1644     2745     1561     1602     1623     1593     2749      993
         1726     1087     1051     2363     1618     1645     1650     1654
         2777     1605     1660     1651     1614     2734     1653     1614
         1650     1641     2701     1605     1576     1569     1572     2742
         1575     1608     1570     1533     2721     1623     1639     1629
         1569     2688     1641     1644     1632     1521     2715     1624
         1709      927     1470     2271     1584     1563     1531      825

Atom Distribution No.    18 at run step   40286:

  Count of atoms assigned to each task:
         2172     1595     1602     1534     1462     2180      862      909
         1014     1038     2274      846     1531     1550     1594     2345
         1495     1523     1567     1615     2784     1581     1632     1623
         1689     2745     1558     1581     1584     1602     2284     1660
         1062     1690     1687     2326      975     1600     1604     1636
         2743     1593     1657     1636     1635     2726     1626     1602
         1617     1641     2698     1674     1573     1551     1575     2712
         1593     1596     1579     1509     2703     1590     1597     1635
         1551     2697     1627     1656     1626     1497     2739     1584
          980     1605      915     2691     1560     1701      915     1459

Atom Distribution No.    19 at run step   42991:

  Count of atoms assigned to each task:
         2154     1529     1581     1549      808     2155     1430     1590
         1614     1571     2185     1476      886      975      990     2315
          882     1511     1548     1583     2776     1590     1614     1599
         1668     2757     1546     1560     1635     1593     2346     1014
         1708     1077     1713     2318     1645     1636     1651     1602
         2775     1578     1645     1579     1587     2713     1644     1626
         1614     1644     2685     1632     1609     1551     1569     2739
         1596     1563     1596     1554     2661     1635     1618     1666
         1581     2658     1638     1680     1611     1503     2697     1618
         1727      948     1482     2298     1596     1605     1537      837

Atom Distribution No.    20 at run step   45682:

  Count of atoms assigned to each task:
         2130     1576     1608     1558     1486     2131      863      936
         1032     1041     2257      861     1523     1544     1624     2312
         1519     1544     1588     1617     2757     1587     1596     1602
         1659     2703     1570     1578     1650     1594     2674     1657
         1071     1703     1083     2332      987     1656     1643     1617
         2742     1612     1654     1618     1612     2708     1635     1641
         1647     1665     2656     1599     1573     1569     1599     2700
         1575     1599     1602     1545     2703     1629     1625     1641
         1557     2694     1647     1647     1635     1530     2709     1606
         1025     1590      927     2670     1620     1638      927     1435

Atom Distribution No.    21 at run step   48345:

  Count of atoms assigned to each task:
         2169     1504     1605     1538      805     2158     1439     1612
         1614     1576     2208     1498      855      997      978     2330
          852     1541     1548     1583     2779     1569     1614     1632
         1671     2721     1552     1569     1620     1600     2298      966
         1699     1089     1712     2345     1594     1635     1641     1639
         2748     1584     1639     1646     1602     2742     1647     1638
         1623     1699     2691     1587     1561     1575     1584     2739
         1587     1590     1590     1542     2682     1605     1615     1627
         1572     2688     1653     1653     1608     1524     2721     1585
         1700      948     1530     2277     1563     1593     1534      828

Atom Distribution No.    22 at run step   51021:

  Count of atoms assigned to each task:
         2166     1594     1593     1568     1471     2186      872      927
         1005     1041     2289      873     1555     1551     1626     2344
         1519     1538     1548     1612     2794     1584     1593     1614
         1665     2754     1557     1590     1600     1588     2708     1651
         1047     1710     1080     2362      945     1641     1614     1632
         2760     1581     1637     1630     1585     2732     1626     1617
         1623     1648     2679     1578     1561     1569     1542     2712
         1587     1611     1575     1485     2727     1599     1627     1618
         1548     2709     1659     1656     1611     1527     2748     1591
          998     1578      933     2691     1611     1710      927     1462

Atom Distribution No.    23 at run step   53707:

  Count of atoms assigned to each task:
         2139     1531     1629     1551      802     2128     1463     1602
         1606     1581     2164     1525      882      981      976     2283
          867     1526     1546     1592     2725     1614     1623     1617
         1689     2694     1557     1578     1629     1597     2268     1006
         1717     1086     1696     2308     1609     1656     1644     1630
         2746     1578     1651     1659     1596     2744     1632     1660
         1623     1651     2664     1596     1594     1602     1602     2715
         1581     1587     1608     1569     2652     1611     1640     1650
         1581     2667     1672     1677     1629     1536     2676     1602
         1712      942     1482     2235     1563     1608     1528      837

Atom Distribution No.    24 at run step   56397:

  Count of atoms assigned to each task:
         2128     1584     1608      995     1447     2134      873      943
          993     1059     2280      879     1526     1582     1585     2774
         1560     1543     1581     1607     2770     1581     1614     1629
         1668     2670     1563     1599     1611     1599     2671     1654
         1068     1714     1110     2309      993     1636     1674     1632
         2775     1623     1660     1660     1611     2735     1638     1643
         1623     1664     2655     1599     1575     1596     1593     2685
         1581     1608     1611     1548     2688     1647     1631     1644
         1560     2676     1648     1620     1623     1542     2697     1593
         1031     1608      924     2640     1620     1665      918     1371

Atom Distribution No.    25 at run step   59077:

  Count of atoms assigned to each task:
         2181      922      928     1548      857     2214     1428     1486
         1602     1618     2229     1431      909      946      943     2338
         1593     1530     1543     1563     2739     1642     1617     1614
         1675     2751     1572     1572     1668     1633     2731     1000
         1687     1077     1680     2338     1630     1014     1648     1635
         2769     1626     1644     1656     1617     2768     1611     1621
         1625     1666     2656     1614     1596     1587     1578     2724
         1593     1545     1594     1560     2643     1641     1584     1621
         1614     2592     1608     1674     1632     1536     2682     1609
         1730      975     1524     2229     1557     1617     1581     1444

Atom Distribution No.    26 at run step   61751:

  Count of atoms assigned to each task:
         2286     1528     1554     1504     1433     2265      950      915
          996     1014     2331      825     1518     1592     1620     2424
         1426     1554     1569     1624     2858     1542     1591     1608
         1632     2826     1519     1608     1635     1570     2771     1660
         1041     1701     1071     2428      945     1615     1626     1590
         2887     1605     1581     1593     1581     2875     1617     1571
         1575     1571     2835     1542     1507     1542     1524     2889
         1527     1524     1495     1455     2826     1587     1564     1542
         1461     2877     1582     1584     1524     1467     2886     1569
         1595     1560      849     2418     1557     1549     1534      883

Atom Distribution No.    27 at run step   64440:

  Count of atoms assigned to each task:
         2197     1567     1572     1561      877     2188     1437     1578
         1578     1561     2179     1464      845     1020      975     2359
          852     1522     1527     1573     2774     1596     1585     1617
         1665     2754      894     1513     1623     1594     2287      993
         1685     1705     1711     2397     1621     1635     1614     1609
         2821     1612     1627     1623     1587     2779     1629     1648
         1597     1654     2721     1575     1576     1587     1602     2766
         1599     1584     1609     1542     2712     1671     1632     1642
         1545     2721     1599     1644     1605     1503     2772     1582
          971     1515     1587     2355     1557     1549      906     1365

Atom Distribution No.    28 at run step   67147:

  Count of atoms assigned to each task:
         2181      904     1594     1555     1409     2144      924      925
         1011     1041     2310      870     1509     1554     1610     2328
         1573     1531     1521     1581     2771     1600     1615     1629
         1716     2721     1627      966     1614     1605     2788     1576
         1086     1101     1690     2794      963     1582     1630     1587
         2784     1613     1653     1641     1581     2752     1617     1621
         1607     1698     2668     1641     1560     1599     1569     2742
         1599     1590     1612     1584     2658     1683     1644     1651
         1596     2646     1611     1662     1620     1539     2703     1594
         1721      942      879     2640     1548     1653     1579     1439

Atom Distribution No.    29 at run step   69829:

  Count of atoms assigned to each task:
         2184     1501     1548     1453      913     2152     1476     1530
         1636     1557     2167     1497      908      996      996     2318
          888     1550     1548     1596     2740     1605     1629     1614
         1708     2745     1560     1668     1620     1576     2703      982
         1753     1720     1059     2314     1595      993     1656     1650
         2745     1599     1651     1641     1644     2729     1644     1644
         1687     1678     2652     1600     1573     1620     1557     2718
         1584     1599     1585     1521     2664     1632     1600     1605
         1557     2700     1638     1701     1605     1542     2691     1615
         1628     1617     1635     2256      921     1546     1522      825

Atom Distribution No.    30 at run step   72512:

  Count of atoms assigned to each task:
         2241     1588     1563     1543     1456     2215      839      939
         1017     1011     2334      790     1525     1533     1593     2383
         1513     1513     1530     1612     2808     1566     1582     1614
         1623     2777     1527     1599     1609     1596     2736     1654
         1032     1075     1694     2392      933     1612     1626     1632
         2856     1590     1623     1602     1614     2798     1647     1602
         1627     1665     2745     1576     1534     1536     1600     2799
         1596     1569     1597     1512     2811     1605     1603     1575
         1533     2787     1611     1623     1596     1521     2793     1588
          971     1530      894     2721     1554     1717      903     1426

Atom Distribution No.    31 at run step   75189:

  Count of atoms assigned to each task:
         2160     1523     1626     1558      817     2178     1442     1566
         1561     1558     2183     1491      863      942      969     2299
          909     1538     1545     1602     2769     1611     1629     1608
         1675     2747     1587     1551     1635     1608     2322      983
         1669     1722     1027     2335     1627     1609     1626     1605
         2750     1602     1632     1653     1647     2697     1623     1644
         1642     1708     2667     1603     1558     1593     1590     2721
         1644     1602     1588     1554     2661     1626     1635     1621
         1557     2673     1626     1659     1602     1512     2697     1633
         1730      957     1491     2229     1551     1633     1552      837

Atom Distribution No.    32 at run step   77864:

  Count of atoms assigned to each task:
         2217     1571     1575     1546     1459     2253      835      912
          981     1005     2335      823     1508     1503     1587     2382
         1477     1508     1548     1605     2769     1575     1593     1632
         1669     2764     1536     1590     1620     1578     2758     1639
         1023     1064     1673     2377      966     1632     1645     1650
         2824     1617     1623     1641     1599     2758     1617     1638
         1639     1660     2721     1590     1579     1584     1542     2754
         1651     1590     1591     1512     2757     1620     1594     1602
         1542     2748     1620     1638     1605     1500     2796     1570
          965     1569      897     2745     1575     1693      918     1408

Atom Distribution No.    33 at run step   80567:

  Count of atoms assigned to each task:
         2163     1499     1593     1535      814     2178     1418     1572
         1597     1570     2196     1450      846      968      957     2326
          909     1529     1533     1578     2784     1626     1629     1596
         1660     2725     1572     1560     1611     1573     2320      989
         1684     1698     1053     2326     1627     1608     1648     1629
         2773     1614     1647     1653     1626     2728     1626     1623
         1600     1711     2691     1593     1575     1579     1662     2736
         1618     1551     1582     1563     2670     1626     1632     1636
         1587     2673     1650     1671     1599     1527     2697     1615
         1724      954     1494     2235     1566     1635     1564      820

Atom Distribution No.    34 at run step   83254:

  Count of atoms assigned to each task:
         2194     1576     1593     1545     1468     2206      866      918
          990     1039     2292      825     1526     1510     1590     2362
         1503     1526     1539     1621     2766     1588     1587     1647
         1666     2734     1534     1605     1620     1603     2720     1645
         1044     1079     1729     2362      951     1621     1650     1653
         2789     1587     1638     1644     1635     2709     1632     1620
         1636     1657     2688     1599     1561     1563     1596     2727
         1642     1593     1555     1542     2736     1638     1645     1614
         1545     2742     1653     1635     1608     1512     2746     1617
          980     1569      906     2682     1581     1665      906     1389

Atom Distribution No.    35 at run step   85932:

  Count of atoms assigned to each task:
         2181      895     1585      978      866     2226     1403     1495
         1581     1625     2227     1463      870      972      946     2352
         1588     1516     1539     1543     2757     1642     1626     1593
         1651     2748      909     1563     1581     1606     2311     1021
         1685     1678     1668     2364     1648     1605     1609     1599
         2825     1611     1638     1629     1605     2772     1608     1581
         1642     1678     2691     1590     1557     1585     1554     2727
         1608     1555     1570     1599     2679     1680     1632     1645
         1587     2646     1593     1668     1602     1533     2682     1618
         1697      975     1506     2229     1506     1632     1602     1423

Atom Distribution No.    36 at run step   88615:

  Count of atoms assigned to each task:
         2175     1522     1566     1550     1453     2176     1553      921
          948     1006     2266      844     1541     1570     1620     2296
          885     1555     1563     1609     2742     1585     1623     1650
         1687     2716     1587     1641     1645     1617     2696     1642
         1068     1075     1060     2821      973     1634     1635     1620
         2774     1629     1629     1632     1623     2715     1644     1630
         1665     1659     2697     1605     1588     1552     1584     2715
         1618     1578     1576     1524     2673     1644     1621     1617
         1545     2697     1629     1629     1605     1509     2706     1636
         1682     1620      873     2289     1593     1560     1546      828

Atom Distribution No.    37 at run step   91276:

  Count of atoms assigned to each task:
         2166     1561     1584     1553      805     2173      882     1437
         1569     1623     2216     1472      960      952      969     2365
         1495     1530     1560     1631     2772     1597     1608     1668
         1701     2730     1573     1620     1617     1593     2325     1020
         1705     1698     1704     2266     1620      988     1587     1612
         2765     1560     1602     1632     1617     2736     1629     1627
         1629     1668     2691     1575     1590     1558     1615     2721
         1630     1591     1581     1530     2694     1650     1618     1611
         1536     2691     1659     1659     1596     1512     2724     1612
          974     1572     1569     2295     1542     1557      897     1453

Atom Distribution No.    38 at run step   93939:

  Count of atoms assigned to each task:
         2154     1519     1602     1563     1471     2164     1607      897
          981     1021     2242      849     1530     1552     1621     2319
          850     1545     1554     1640     2754     1629     1605     1662
         1725     2692     1563     1620     1633     1596     2307     1636
         1065     1102     1694     2328     1633     1660     1629     1605
         2714     1629     1632     1593     1611     2703     1638     1605
         1635     1645     2661     1626     1597     1570     1566     2706
         1606     1550     1566     1506     2670     1638     1647     1635
         1572     2673     1644     1620     1617     1527     2689     1629
         1703      909      903     2643     1575     1629     1570      804

Atom Distribution No.    39 at run step   96616:

  Count of atoms assigned to each task:
         2602     1603     1575      910      805     2175      876     1478
         1638     1652     2222     1506      912      961      984     2769
         1492     1557     1585     1635     2733     1606     1656     1653
         1666     2680     1524     1614     1644     1623     2271      993
         1736     1739     1077     2770      987     1603     1656     1651
         2714     1620     1614     1617     1635     2661     1656     1617
         1654     1651     2655     1645     1614     1614     1575     2748
         1663     1614     1626     1527     2733     1630     1660     1632
         1527     2706     1638     1650     1614     1563     2728     1616
          999     1560     1596     2256      969     1552      921     1386

Atom Distribution No.    40 at run step   99283:

  Count of atoms assigned to each task:
         2184      898     1564     1495     1414     2182     1507      867
          960     1012     2283      831     1485     1524     1578     2311
          921     1523     1512     1585     2751     1644     1608     1596
         1684     2748     1560     1548     1605     1593     2364     1622
         1011     1071     1705     2341     1609     1647     1642     1635
         2774     1596     1650     1647     1644     2748     1605     1665
         1618     1690     2676     1644     1593     1587     1594     2697
         1614     1528     1605     1581     2649     1662     1654     1657
         1569     2667     1653     1689     1590     1527     2688     1677
         1712      921      891     2646     1624     1617     1577     1429

Major Routine Parallel Profiling - NonSetup CPU Seconds:

           D                                                              
           a                                                              
           t                                                              
           a                              D                               
           D         N                    i                               
           i         o                    h                               
           s         n             A      e      S      R      O         T
   T       t         B      B      n      d      h      u      t         o
   a       r         o      o      g      r      a      n      h         t
   s       i         n      n      l      a      k      M      e         a
   k       b         d      d      e      l      e      D      r         l
------------------------------------------------------------------------------
   0   289.5     775.5    1.3   15.9   61.0    6.1   38.3    0.3    1187.9
   1   318.2     815.9    0.5    3.3   12.0    4.3   33.9    0.3    1188.4
   2   311.5     832.3    0.3    0.7    1.9    4.1   37.3    0.3    1188.3
   3   316.2     822.5    0.4    2.3    8.4    4.3   33.7    0.3    1188.1
   4   352.0     769.2    0.8    7.9   29.7    3.9   24.4    0.3    1188.2
   5   292.4     779.3    1.3   16.3   61.4    6.4   31.1    0.3    1188.3
   6   355.1     768.6    0.8    8.1   30.2    3.9   21.1    0.3    1188.1
   7   349.3     773.1    0.8    8.5   31.8    4.2   20.1    0.3    1188.1
   8   344.5     775.2    0.8    8.4   32.2    4.1   22.8    0.3    1188.3
   9   332.6     783.2    0.8    8.3   31.3    4.1   27.7    0.3    1188.3
  10   291.8     779.2    1.3   16.3   62.0    6.4   30.8    0.3    1188.1
  11   348.0     769.9    0.8    8.4   31.3    3.8   25.8    0.3    1188.3
  12   352.7     767.2    0.8    8.0   30.5    3.8   24.9    0.3    1188.3
  13   341.6     777.3    0.8    8.0   30.1    4.1   26.2    0.3    1188.5
  14   339.8     777.0    0.8    8.1   30.3    4.1   27.9    0.3    1188.2
  15   275.2     804.2    1.1   13.1   49.8    6.7   37.8    0.3    1188.4
  16   344.7     777.6    0.8    7.4   28.0    3.8   25.7    0.3    1188.3
  17   322.8     821.6    0.4    1.9    6.7    4.0   30.6    0.3    1188.3
  18   322.4     829.9    0.2    0.2    0.2    3.7   30.8    0.3    1187.9
  19   306.8     838.4    0.2    0.2    0.2    4.4   37.7    0.3    1188.3
  20   230.0     893.2    0.2    0.2    0.2    6.4   57.7    0.3    1188.3
  21   309.1     838.1    0.3    0.3    0.3    4.0   36.0    0.3    1188.3
  22   307.9     839.1    0.3    0.2    0.3    4.5   35.5    0.3    1188.1
  23   300.9     838.8    0.4    0.8    2.0    4.5   40.6    0.3    1188.4
  24   302.0     839.1    0.2    0.2    0.2    4.7   41.6    0.3    1188.3
  25   224.2     895.2    0.2    0.2    0.3    7.4   60.6    0.3    1188.5
  26   313.7     824.1    0.4    2.4    8.7    4.2   34.4    0.3    1188.2
  27   310.2     828.8    0.3    1.5    5.3    4.5   37.4    0.3    1188.3
  28   305.9     833.7    0.3    0.7    1.9    4.4   41.1    0.3    1188.3
  29   310.1     830.9    0.3    0.3    0.3    4.5   41.7    0.3    1188.3
  30   253.3     834.9    0.8    9.3   34.1    6.7   48.5    0.3    1187.9
  31   329.5     784.6    0.8    8.3   31.5    4.2   29.1    0.3    1188.4
  32   334.8     784.1    0.8    8.4   31.3    4.2   24.4    0.3    1188.3
  33   326.4     788.4    0.8    8.0   29.9    4.4   30.3    0.3    1188.5
  34   330.6     789.4    0.7    7.2   26.4    4.3   29.1    0.3    1188.2
  35   277.1     801.0    1.2   13.5   48.8    6.2   40.1    0.3    1188.3
  36   334.9     786.4    0.7    7.3   27.0    4.1   27.2    0.3    1188.0
  37   316.8     822.3    0.4    2.0    6.9    4.0   35.8    0.3    1188.5
  38   311.9     834.4    0.3    0.2    0.2    4.2   36.5    0.3    1188.2
  39   305.6     839.5    0.2    0.2    0.2    4.0   36.3    0.3    1186.5
  40   224.3     897.1    0.2    0.2    0.2    7.3   58.5    0.3    1188.2
  41   312.2     834.6    0.3    0.2    0.2    3.9   36.6    0.3    1188.4
  42   307.4     838.3    0.2    0.2    0.2    4.4   36.8    0.3    1188.0
  43   313.5     832.8    0.3    0.2    0.2    4.0   36.9    0.3    1188.4
  44   312.1     834.5    0.3    0.2    0.2    4.2   36.3    0.3    1188.2
  45   233.2     889.2    0.2    0.2    0.2    6.8   58.1    0.3    1188.4
  46   303.0     841.5    0.3    0.2    0.2    4.5   38.2    0.3    1188.2
  47   312.6     834.4    0.3    0.2    0.2    4.1   36.2    0.3    1188.4
  48   310.0     833.6    0.3    0.2    0.2    4.1   39.3    0.3    1188.1
  49   309.0     837.3    0.2    0.2    0.2    4.1   36.8    0.3    1188.4
  50   222.0     897.4    0.2    0.2    0.2    7.3   60.5    0.3    1188.1
  51   311.9     834.7    0.3    0.2    0.2    4.1   36.6    0.3    1188.4
  52   311.7     832.0    0.3    0.2    0.2    4.3   39.1    0.3    1188.1
  53   315.7     831.9    0.3    0.2    0.2    4.0   36.1    0.3    1188.6
  54   310.5     835.4    0.3    0.2    0.2    4.3   37.0    0.3    1188.2
  55   235.3     887.8    0.2    0.2    0.2    6.8   57.6    0.3    1188.4
  56   313.2     830.8    0.3    0.2    0.2    4.3   38.8    0.3    1188.2
  57   311.8     830.4    0.3    0.2    0.2    4.2   40.9    0.3    1188.4
  58   309.1     834.2    0.3    0.2    0.2    4.4   39.4    0.3    1188.1
  59   311.1     837.3    0.3    0.2    0.2    4.4   34.7    0.3    1188.5
  60   232.6     892.4    0.2    0.2    0.2    7.2   54.7    0.3    1187.9
  61   308.6     831.5    0.3    0.2    0.2    4.4   42.8    0.3    1188.4
  62   311.3     830.6    0.3    0.2    0.2    4.5   40.6    0.3    1188.0
  63   307.9     837.6    0.3    0.2    0.2    4.5   37.3    0.3    1188.4
  64   318.7     834.2    0.3    0.2    0.2    4.3   29.6    0.3    1187.9
  65   237.3     890.4    0.2    0.2    0.2    7.2   52.5    0.3    1188.4
  66   297.7     841.9    0.2    0.2    0.2    4.6   42.8    0.3    1188.0
  67   301.1     840.7    0.2    0.2    0.2    4.6   40.9    0.3    1188.4
  68   315.8     835.2    0.2    0.2    0.2    4.5   31.6    0.3    1188.0
  69   330.8     826.1    0.3    0.2    0.2    4.3   26.1    0.3    1188.4
  70   241.5     883.1    0.2    0.2    0.2    7.2   55.2    0.3    1188.0
  71   307.7     830.8    0.3    0.2    0.2    4.4   44.3    0.3    1188.4
  72   332.4     786.3    0.7    7.4   27.5    4.4   29.0    0.3    1188.0
  73   337.9     779.5    0.8    7.7   28.7    4.4   29.4    0.3    1188.5
  74   344.2     772.8    0.8    8.2   30.8    4.1   26.5    0.3    1187.6
  75   262.0     824.6    0.8   10.0   37.9    6.7   46.1    0.3    1188.4
  76   311.1     827.7    0.3    1.1    3.6    4.4   39.5    0.3    1188.0
  77   305.5     837.1    0.3    0.2    0.2    4.5   40.3    0.3    1188.4
  78   346.0     778.2    0.7    6.6   24.9    4.2   27.2    0.3    1188.1
  79   347.9     775.4    0.8    6.6   25.2    3.9   28.4    0.3    1188.6
------------------------------------------------------------------------------
 avg   306.6     823.1    0.5    3.5   12.6    4.7   36.9    0.3    1188.2
 min   222.0     767.2    0.2    0.2    0.2    3.7   20.1    0.3    1186.5
 max   355.1     897.4    1.3   16.3   62.0    7.4   60.6    0.3    1188.6
 std    32.9      34.8    0.3    4.5   17.3    1.1    9.4    0.0       0.3
------------------------------------------------------------------------------

PME NonBond Parallel Profiling - NonSetup CPU Seconds:

                     D                           
           P         i         R                 
           a         r         e      L          
           i         e         c      o          
           r         c         i      a         T
   T       l         t         p      d         o
   a       i         F         F      B         t
   s       s         r         r      a         a
   k       t         c         c      l         l
-------------------------------------------------
   0   179.2     594.2       0.0    1.0     774.5
   1   146.9     405.9     261.4    0.7     814.9
   2   148.5     428.2     253.9    0.7     831.3
   3   146.9     408.1     265.6    0.7     821.4
   4   124.7     337.7     305.1    0.7     768.2
   5   178.2     599.2       0.0    0.7     778.2
   6   129.6     342.5     294.9    0.7     767.6
   7   133.9     356.9     280.5    0.7     772.1
   8   135.3     370.9     267.2    0.7     774.1
   9   138.9     377.4     265.1    0.7     782.1
  10   177.4     600.1       0.0    0.7     778.1
  11   127.3     343.7     297.1    0.7     768.9
  12   127.8     353.1     284.6    0.7     766.2
  13   134.8     372.9     267.9    0.7     776.3
  14   133.4     371.4     270.4    0.7     775.9
  15   184.6     617.8       0.0    0.8     803.2
  16   131.5     366.5     277.8    0.7     776.5
  17   145.3     424.9     249.6    0.7     820.6
  18   143.6     436.7     247.8    0.7     828.8
  19   151.4     444.1     241.1    0.7     837.3
  20   205.9     685.5       0.0    0.7     892.2
  21   153.0     451.1     232.2    0.7     837.0
  22   154.2     455.5     227.7    0.7     838.1
  23   154.8     457.3     224.9    0.7     837.7
  24   155.0     457.1     225.4    0.7     838.1
  25   206.8     686.7       0.0    0.7     894.2
  26   150.4     426.7     245.3    0.7     823.1
  27   151.7     433.7     241.6    0.7     827.7
  28   152.7     442.1     237.2    0.7     832.7
  29   147.1     438.3     243.8    0.7     829.9
  30   194.4     638.8       0.0    0.7     833.9
  31   143.4     385.7     253.6    0.8     783.5
  32   142.5     388.5     251.4    0.8     783.1
  33   144.3     399.4     243.1    0.7     787.5
  34   142.8     397.4     247.4    0.8     788.3
  35   184.5     615.0       0.0    0.8     800.2
  36   141.3     384.4     259.0    0.8     785.4
  37   145.9     427.2     247.5    0.7     821.4
  38   148.1     439.4     245.2    0.7     833.4
  39   149.9     444.2     243.4    1.0     838.5
  40   210.3     684.8       0.0    1.1     896.2
  41   146.6     435.2     251.1    0.7     833.7
  42   151.0     436.8     248.8    0.8     837.4
  43   145.7     436.7     248.8    0.7     831.9
  44   146.3     438.6     247.9    0.8     833.6
  45   202.8     684.7       0.0    0.8     888.3
  46   154.5     432.6     252.6    0.8     840.6
  47   146.5     432.9     253.4    0.8     833.5
  48   146.8     434.2     250.8    0.8     832.7
  49   148.9     447.4     239.4    0.8     836.4
  50   209.0     686.6       0.0    0.8     896.5
  51   148.0     428.4     256.6    0.8     833.8
  52   144.6     416.8     268.9    0.8     831.1
  53   144.0     420.4     265.8    0.7     830.9
  54   149.0     424.4     260.2    0.8     834.4
  55   201.6     684.5       0.0    0.7     886.8
  56   145.5     431.7     251.9    0.8     829.9
  57   145.2     424.5     259.0    0.7     829.5
  58   150.2     425.4     256.8    0.8     833.3
  59   150.9     424.1     260.6    0.8     836.4
  60   206.2     684.6       0.0    0.7     891.5
  61   147.7     441.7     240.6    0.7     830.6
  62   147.3     442.2     239.4    0.7     829.7
  63   151.9     446.8     237.3    0.7     836.7
  64   148.2     430.0     254.2    0.8     833.2
  65   205.6     683.2       0.0    0.8     889.5
  66   154.5     450.5     235.2    0.8     840.9
  67   154.6     449.5     235.0    0.7     839.8
  68   148.7     438.4     246.3    0.8     834.2
  69   145.9     419.5     259.0    0.7     825.1
  70   198.5     682.9       0.0    0.8     882.2
  71   147.7     440.8     240.6    0.8     829.9
  72   138.2     388.2     258.0    0.8     785.3
  73   135.5     368.1     274.3    0.7     778.6
  74   133.2     353.8     284.0    0.8     771.8
  75   189.1     633.9       0.0    0.7     823.8
  76   147.4     431.5     247.1    0.7     826.8
  77   151.6     444.4     239.4    0.7     836.2
  78   133.3     363.3     280.0    0.8     777.3
  79   130.7     336.6     306.0    1.3     774.6
-------------------------------------------------
 avg   154.9     462.1     204.3    0.8     822.1
-------------------------------------------------
